4.1364 0.55584 1.616 1.27889206501201 0 1.5707963267948966
3.744884838468642 1.7607997671995697 1.616 1.27889206501201 0 2.199114857512855
2.719884838468642 2.5055058584050647 1.616 1.27889206501201 0 2.8274333882308142
1.4529151615313578 2.5055058584050647 1.616 1.27889206501201 0 -2.8274333882308142
0.4279151615313579 1.76079976719957 1.616 1.27889206501201 0 -2.1991148575128556
0.03639999999999999 0.5558400000000002 1.616 1.27889206501201 0 -1.5707963267948968
0.42791516153135767 -0.6491197671995695 1.616 1.27889206501201 0 -0.9424777960769382
1.4529151615313574 -1.3938258584050645 1.616 1.27889206501201 0 -0.3141592653589798
2.7198848384686416 -1.393825858405065 1.616 1.27889206501201 0 0.3141592653589791
3.744884838468642 -0.6491197671995702 1.616 1.27889206501201 0 0.9424777960769378
